https://aquapolis.ru/aksessuary-dlja-bassejnov/protivoskolzyaschie-pokritiya.html,Противоскользящие покрытия
https://aquapolis.ru/aksessuary-dlja-kupelej.html,Аксессуары для купелей
https://aquapolis.ru/aksessuary-i-zapchasti.html,Аксессуары для бань и саун
https://aquapolis.ru/akvafitnes-i-otdyh-na-vode.html,Аквафитнес и отдых
https://aquapolis.ru/batutnye-nakrytija.html,Батутные накрытия
https://aquapolis.ru/beshlornye-sistemy.html,Бесхлорные системы
https://aquapolis.ru/bortovaja-plitka.html,Бортовая плитка
https://aquapolis.ru/bortovoj-kamen-i-plita.html,Копинговый камень
https://aquapolis.ru/detskie-bassejny.html,Детские бассейны
https://aquapolis.ru/donnye-slivy.html,Донные сливы
https://aquapolis.ru/dozatory.html,Дозаторы для химии
https://aquapolis.ru/dozirujuschie-nasosy.html,Дозирующие насосы
https://aquapolis.ru/drugie-zakladnye-i-aksessuary.html,Другие закладные и аксессуары
https://aquapolis.ru/dushi.html,Души для бассейна
https://aquapolis.ru/elektrokamenki.html,Электрокаменки для сауны и бани
https://aquapolis.ru/elektronagrevateli.html,Электронагреватели
https://aquapolis.ru/filtracionnye-ustanovki.html,Фильтрационные установки
https://aquapolis.ru/filtry-i-filtracionnye-ustanovki.html,Фильтры
https://aquapolis.ru/fitingi-dlja-naruzhnoj-kanalizacii.html,Фитинги НПВХ для наружной канализации
https://aquapolis.ru/fitingi-pvh.html,Фитинги НПВХ
https://aquapolis.ru/fontany.html,Фонтаны
https://aquapolis.ru/forsunki.html,Форсунки
https://aquapolis.ru/gidro-i-ajeromassazh.html,Гидро и аэромассаж
https://aquapolis.ru/gradusniki-dlja-bassejnov.html,Термометры
https://aquapolis.ru/hlorgeneratory.html,Хлоргенераторы
https://aquapolis.ru/kajaki.html,Каяки
https://aquapolis.ru/klej-i-prajmer.html,Клей и праймер для НПВХ труб
https://aquapolis.ru/kompressory.html,Компрессоры (аэромассаж)
https://aquapolis.ru/lajnery.html,Лайнер
https://aquapolis.ru/lestnicy-i-poruchni.html,Лестницы для бассейна
https://aquapolis.ru/mozaika.html,Мозаика
https://aquapolis.ru/naduvnye-matrasy-i-krugi.html,Надувные матрасы и круги
https://aquapolis.ru/namatyvajushhee-ustrojstvo.html,Наматывающие устройства
https://aquapolis.ru/nasosy.html,Насосы
https://aquapolis.ru/oborudovanie-dlja-dezinfekcii-vody/ozonator.html,Озонаторы
https://aquapolis.ru/oborudovanie-dlja-vstrechnogo-techenija.html,Встречное течение
https://aquapolis.ru/ograzhdenie-dlja-bassejna.html,Ограждения для бассейнов
https://aquapolis.ru/osushiteli-vozduha.html,Осушители воздуха для бассейнов
https://aquapolis.ru/osveschenie-dlja-bassejnov.html,Освещение и светильники для бассейнов
https://aquapolis.ru/parogeneratory.html,Парогенераторы для хамама
https://aquapolis.ru/perelivnye-sistemy.html,Переливные решетки
https://aquapolis.ru/pesok-dlja-filtrov.html,Песок и картриджи для фильтров
https://aquapolis.ru/plitka-dlja-bassejna.html,Плитка для бассейна
https://aquapolis.ru/podemniki-dlja-invalidov.html,Подъемники для инвалидов
https://aquapolis.ru/pokrytie-pod-bassejn.html,Покрытия под бассейны
https://aquapolis.ru/pokrytija-na-bassejn.html,Покрытия на бассейны
https://aquapolis.ru/pools.html,Бассейны
https://aquapolis.ru/prochie-aksessuary.html,Прочие аксессуары
https://aquapolis.ru/pylesosy.html,Пылесосы для чистки бассейна
https://aquapolis.ru/razdelitelnye-dorozhki.html,Разделительные дорожки
https://aquapolis.ru/remontnyj-komplekt.html,Ремонтный комплект
https://aquapolis.ru/rolety.html,Ролеты
https://aquapolis.ru/skimmera.html,Скиммеры
https://aquapolis.ru/soljarnoe-pokrytie.html,Теплосберегающее  (солярное) покрытие
https://aquapolis.ru/sredstva-po-uhodu-za-vodoi.html,Химия для бассейнов
https://aquapolis.ru/stancii-kontrolja.html,Станции контроля и управления
https://aquapolis.ru/startovye-platformy.html,Стартовые платформы
https://aquapolis.ru/stroitelnye-smesi.html,Строительные смеси
https://aquapolis.ru/teploobmeniki.html,Теплообменники
https://aquapolis.ru/teplovye-nasosy-dlja-doma.html,Тепловые насосы для бассейна
https://aquapolis.ru/teplovye-nasosy.html,Тепловые насосы
https://aquapolis.ru/truby-i-fitingi/truby-pvh-dlja-naruzhnoj-kanalizacii.html,Трубы ПВХ для наружной канализации
https://aquapolis.ru/truby-pvh.html,Трубы НПВХ
https://aquapolis.ru/tumanoobrazovanie.html,Туманообразование
https://aquapolis.ru/uborka-bassejna.html,Аксессуары для уборки
https://aquapolis.ru/ulichnaja-mebel.html,Шезлонги и зонты
https://aquapolis.ru/ultrafioletovye-ustanovki.html,Ультрафиолетовые установки
https://aquapolis.ru/vodopady.html,Водопады
https://aquapolis.ru/zakladnye-i-oborudovanie.html,Закладные и оборудование
https://aquapolis.ru/zapornaja-armatura-pvh.html,Запорная арматура НПВХ
https://aquapolis.ru/zhilety-i-narukavniki.html,Жилеты и нарукавники